$ANSIBLE_VAULT;1.1;AES256
64613534303231333638343537386435313562353536656439653062353736666538613064313666
3539336633396537616265303731396237323834376437360a303266663064373433303232643233
36316430346534356264663530316339666665666430313533663361663833643533396332306132
3133643765663265640a633732333466366661653864393766383664613433383038313265356134
32333865336665356266663466623230346235373132363764336366643233316266353234313939
33633965346233663839363239646665303033316166636636363336323133636234313261363939
37383037303233353934383239646131393138333032643735613836633265666333623662633737
32353933666463663263396436326137303361336230316666303533383735393161633734326432
35636263393664623063643032353962623364626533613261306234346136353863306534333933
38633038326435363339306535343537626430333831313038326563613262386266376265633336
64383135616630383939373430613230643435326435653531396531323362663735343263623937
65666266303962333935323738376236323236626261376132363736306132363438383065356235
63373732376534643939623265396135343331656530333461343334626133393037616434643736
62393133663064306265373232333935353236386263363464373434656161663333323263313637
66306633323633613335623662333034333664656461333166383634353230623863666135626638
63366661623539613662633032323163383863623939323966376163343739393565373338373862
63346639636134336336623866666431353162313163343431363235643834383031396432323138
66363333646134313962346464386236326238626666653738636337623464323934303831303433
63313237666565313164653966633537646336303230346462663432323431356335643662376232
65336366393264366562323831653163346362373334313262373639343764616262383139666462
30616232663434363733366338323831313031373837636264663338623861373661343266643762
39653133373532396439653230316566373030383764633964343362653361616535616465316337
35626236666361346138646639396336363365386566626639646533363636303164653031643862
63326262326661376237333632333765373661616463393866353934326232653330663563326661
66396232636539663334353364383131396463313466313631383934396437626461363062653435
65376336636436386430383065633630316135313066386337363036613161646238376565313739
61313963626164353061663961383239643338643638313237613031333666653463616437386431
37386237313361373330393433663866386434663238346439303330666362393664346265363034
30396238646535663335336535666561363639383335373130306664666565656166313530366565
35306132326530383031356332633234383361633333313663346137326165653966396332336663
30303037373564643031363466393836663165663032323139343063626164623763386635626532
34326536643338333962306263646537643032303164643231616534623465343133393835313330
32393862323261636334323963613564356462306562663631383432393666383039656331616231
66393861656263333035663134383436663331633961633566623863386131356635373835333434
34353366343362616166396534613334643764346230386239363463353233343265346432643764
64353335653034363261633366653239633465653165366131373337353833313138633838316535
63633931333964333433626334643064613363663733383666376661383335353135303862313464
33646362333934666239363430613536313935366164633466326334346336626239376163363235
61313865633335656635633636363633366236353533353832653261656636326466633032303264
64633433663039643961656462333536386262626331383962303966623436323366666339333531
61623135376261326431356233636438336235333835363563366536376461306532363363653731
61343037353032316161353930323132643162366437343132663165373764363635386465616639
32643032663437656566333430316263303962333633626434336335656533626533333637383731
62396334346437653465306639393132653063343735366535356234626430333362643139386364
63666634653939346234303934313536303365666532636561336438623861376438383465306362
33623635396635346332303838303862656435386538333566363838376363346439376661386232
62353763663866373839383431626265373132636534363234373837633666323164323664623337
61653662316535353531636232343534343965313136613534616131346663653637646632323635
61613338663830356134333637393932613134643133303132663237376139653034343166613934
32333339373532653938353234366439643634383864356364373338623134623263363961653466
35353736303866383961663563323466343133353937363135643036613636643662353835333935
32363335326366366334373565383733363861663161333739356330373664623233663865643336
33633434623530613438633934633237356235323430393936366233343331353331616666623633
37613137616165633731356166663861643634376334396363373537653836303863333564386264
32633661643434396334343864346164343332363463666432373639626431343262663764383237
39393336663665343030363564313936323166326363373764663333643236636534373236623765
66396136653761636465666663663436626139623362363761633830333735323666656331333032
30636132366130343166643630313634356363316533343233336636396233666164323563343866
30346534313835396165646435613734393335393032633236303965323633313934613238393436
35336639336239623662383535613262653134353165356431346265363662353933663662313861
33633063336435666664656133376663643263636564613430373834396436303331313335633666
34363537633461393962303366613261313134373932346462656564636261376164613763663161
32323439323164313537633538376333343535333438336332383138343262353934613036373836
37396133626436396130313465633563353264666538393264323663653761633633343539336665
30616266393939623738316131643033623635316432373331346332616635313630663136376436
63373938626431396630663637633166306234353935613266386136386431383434303134363533
64303534303137643331346239366362363536383931303865363230393431366633656336633964
36656561656532333533616563373262303736306137373835623464383162663730613834646134
39343665353863623735353962343265353733323064313065636135623036616465353234303363
65303132306661366361323265363332326166663838633634393938646563366637633931643363
38353764353962306134626662333966393131646466646463396364346537323130303133613132
39313231323462313637316136373238646266366563313137323739353463396233386433306564
39356261656338336231343739333237633861306535313833346265623465346265393330336661
64633038373836656162663566306437343461353062383865373637303632353163633461343630
32613339313331366666366134336563653861633664636666656433323365363638633839383332
38363563376232383137313134346233613637346665633262363633323263373762326164383864
33336235336136613934333063386437393930396365383262633533623366303530353234326266
38306366396431343331336565376538343865613330323138323330393239393361343737383434
63613933616336656661303938383630656166333465653465373231613039306363653563613564
31393765343936396532643237363437386332393762373733333761353164366363643238356130
63333634646435643430393534383664393632613361653333613032326265373665303839626565
65316566306164646365353565643639626461616566356433363133343964306563353037303439
39323230306465663337356464643562346361303234356163313037626562643032316539613737
39666436376661636533626234353961663533383034613037653137656431373935363063333063
31653963346166653466346139363665663164373035613765343637623133333666636236613263
31646564376432393765643335393666353734313261333535376636396439633833656131643438
37303966636638343438343861363661356437366165616465653931636366316138303035363736
37656336333334386661313961616133656365393639663335376465363765346535626263636235
31343130613563643732636138366237326365666531396339396531383030323162636633616536
34653966346131393364636531386261353837326164313431643161393139396363636536663534
34613839383739396262333838643439663161643737653332396336613562313064633037616563
33363437333661346164633931396130353639373139633739343265616138623230646462653766
33663861343130333065366637396634373732353037633232373961633463376561326565633031
34396365393638383031333866313963613761616466636633646135373936306333356330316666
34306263333536653637346533343761653931386532333262313234373165343035636562633536
39663162393837363831313438316463383861376564663134376534643437626530326663633037
34386161643762636461656531323830306563383037323161633963356137623534316362656165
33303061356234303766306137326664333135653162613832383062623762386237366135366136
36303630393139613963623166326262633164613833373930356439633061303366306165393064
66626562393563336561623832303836663836643331633934633739396131363539313730613766
30626266323661383961313861323663313965613066313862346534333432393031386633303631
38613965333963646462623932653836356236363035346136326537663534616162336434343462
61646164346239343162653737613139376135396363653430373265323564333966653764386237
63383538613664616238303131643162646464386636643861383563666465363665383661313966
30643534643838663133313437663434616364653132373131333365323366646138343962626663
39643262326664643566663539643762363836346431393536346639353364653566346330383531
32636431343266616539303066356163316466393865653630393363313939333733346235613932
32333062643562376135306666353931306434613336363039383863396239633531313066636162
66633538343836396263316137663830613066663462656566376565653438613938663663636138
36373637613739623136613731333265353435353538316638336436303831666364663265613130
32663364376662316565653964386632343632636465616439643134373939303032333762343064
34336631616164303030373664376563383063396434363136333830343239353261653832393162
62633838666466313036663062633664323732343262323032343866623266353532366462316336
36353931313065636139326534646566613130653939363866613766316534353133643634643637
33616366346334303739623136303637353139333736326137663238323234303136313462303536
31646362386165633234396664326232356563363432346535343630383864626464393933343238
33386363633936653761363534383532643765343437623239393032636462656666306134326661
33646137333537326630386266643935383831663139323838353534383431313631396431366130
39626666353136363762666162383538383964656536643661313564666135333532323831626366
66303662363830323161396134303439383333353566653732316634653538363034663131376634
66636331376431356136383431353639356531656363626532366130303436383639373635663764
34616235366265386564653566303561666463393961393539343664613866663531613232353534
30313134386466333963363635393963343761363130626131633665636332376630633839636537
64633936346636616334633736666630383265353536313836336138393963356265393934356538
39663865626565653932393331653064656139623961333231643736663930383262363235623863
35373361643631303735616133653362396232643461366262663032363963346662333531663835
30636262386162346432636334363162383466326335326166313466376362323362376334616565
36313366313663633030383764363962353634303830353262363032343761393638373031373935
39343761656233666334653439666533343638316661356230386133666562643064643663643865
37653766306435323164323163656664663465336236366138656530633538633735613933666634
39633262366139623530386535636231663831313732393561333330383566353862666239643537
33356362646161666161306463353035636334633931643731663865646461623438383833386331
32383033643832363363313636613236303933663963616133383830643232343137353938643831
62333961376131353935356138373963393166316164323161643163336465613061313032356561
396337313739336262353463383535643233
