$ANSIBLE_VAULT;1.1;AES256
30346362373032356637613765353765316330636633613734373035613436623165616161633065
3033636365363961323239636561386139393162656334380a656633626265353131326666613365
66356533666231643232323361633564616365316136653238316666376338613263326535646532
6136663565653137390a306363633230656436383230306136343738386530336262376335326239
64393466623265396361653430613061306165646562636363383165343831636161316237653664
64336134663339346337356331623932386338653532363736653338333633306230343466313539
38666437316365376261613762383136363530336565663937363565613934633639326339303731
31393530303430643931316233316164386431653566616134346361643062646638363332316664
39313236373637323831366261393735386561646239666436353331616462313233663738653563
64376462306165643539626638363864383831353939353838633366353964343362313735353966
36313966373733333336313639303937353030336331303466613237383032333534313536356237
32353330323330623366656237323933383530306239636563306639653066653162366261373838
32626230636133366332626166616662346336336363613337386431393730646336613633396435
39326432376133663566303430346332356264653663333963633836353334316362333339646235
37303461626432623033326133313138656664343035383633333132393537666339313733623964
33366132363263366639336137643161616135333733623034333762616462613731623235363964
37366639346466383632653339383035383665643734646530313662663634613964306136633065
31336534636365356333396637393731633564333533396162373661653237656238643664623331
38646265623332306331633062336264666230363665363535616564366139306434323634393165
36613435313137613663626433383334396539356563393765643363626636343461383031633131
32336338373533326238353838363663346332316465616138623365353032373535383763616566
30636432383832333366343863343765613831373435643439613038616133383336306130356231
31623335326462643865613837636264666132356334326234626463323936626236633030366161
30313932636266333636323533643062366439613931396333313134303335396539343539383363
31396664373033626165376262323333636362316138613830326566366232303734376538633666
33376532373531363738343530346266323063613365623933396130323134373066333130306536
66666632396336626236393439393632313639663234343132643939386636326330663461396264
34356666393966363432376530613430663334376636383839343866353662303065393464626266
33626530343831366534383235623135316663396366366132376430366666633730373738636232
30633066336263306233666331323061326230373333383034386130626562363237383835333537
61386566393661336463666461333937386532633065306366303833346434366566333936303563
33363463356431346237353535346534313836626539616233653239613831633338333264353161
39653563633966343662363464653138383066363962343163623537386663303361393238646165
34623135663938343039326439613266616232616535633833303731336538306664306662396438
62666366366464623734666336346263313164373934373938383761336165326335643133366636
38623831316364376631626137643731653239353661303061353636396665343036383334656330
39363632646139626239633233643561303432373861313362363732326134653534343966663630
62326130633033616334383532346565656337653036326365633438396331613463336438303033
36323537616238636532616636323734356533333330373730316663323562366537643364316535
63653862626536373133343435396138386538623235666432646337653837363130366365343632
66363038386635393962383234326465656634383361656461616339663838626466393132656266
37616333373536323937623831323131333436666161346633363564373966663432303032613230
31326561616639656237316435626566343664356236643965383663316266643734376562306431
61613831663135393165326661303430353238356638623266616134373765633866616131653439
34336533363037303365313637653535396634393238313631393863666262373738373831646261
33366665633030633565656463326238363135306435613962376634633565376234626161373134
64336130353932616661316234393935363062373439393231626461353138343561616364356431
32373735626438313333623837323936663639646464633761646461613066316435316665316464
30333966373263656665663737313837383632363266386466626465623135333636316365343831
37656135363364326366336439613830333630396261376231346463306665393631666665373765
63393135363861663234633735306231353163643431623535666136386563663665623132653664
31316339373362623335303038333832303332333338336436633338356266616661366661376563
63333162343939646166353665633735613232386664636264393436313033653031623031306537
64663861353938303435353863633462373437333561333066643631646665373934373435373164
65373963653262383735383664636664646335636161653431666465663735373537303761363863
65643436306337333031643032363836326562636233376266656164306664613735666333333938
34633164623635613666343366653164316662353862666438396633663865396434363865316465
35303830306530363562643131396238343638353837356161333037643033346466306135303139
65646431633135313838633336386138653866633930653532653765633961626533393064656366
62386463383933663863663135316235343662616464663239356465336362633539656634613839
37373763646265373033303636623261326439633739626134383230646337303130333139623735
35626363333834616365643436326338313666633230666532633434393137643432376238393730
33633263313035616164323565613936326637393436373934383533326664653934666438346461
39316562613466623035333735633433646439653161323836623731353136346439303033373366
35633766663964326438313262643261613264356533363563323932393034343038343261396430
36653338613435323262316236396665393332643934343634366638323433323465646666663164
64643438313036623438363033643561383662343763393934663039633536373031326161396563
65633165653735613332643236643163626462363538323366326166666231616637646161613438
35303235663336383066616439326463643863636438646638366335353833373732653332633838
33313932346465643233333664373232383661666439313338643231326463633134386138316631
37356262396430643733623039653165616337323430346363353135393636313462376539366134
61356532623236663462346664343266393634376264393437306165303138653064623864323134
36373031323536363532393438363865623661323936643234373964386264343832663962356461
30383362336261653733666335306433353939323534303332346364346337326433313939643065
39343335316234333865633031326365383763366333353232646139386534626335616634383139
36306239316339326435656537353439303161386263313366333434313532376338373331666633
32306632363636343232393736373065346461346666656130613265376239393531373564316534
63396166393835656265636566646538663336336537303333653733616561323339663264643736
63313866383339363836333132396634656633363737616331316262633037366331353330336430
30316330376264623231633264306536323836343461626234383662616665343864383662656363
33393638656265663264623061633433346361376162363039376438633665303563333533376634
35353436303266616363616236383061326130386238333837373531366336313164633035356331
36376334336566326333646332396232383065613838373130323566336361333464323930356166
32303337326134373139346236613333336463393866623763343563623536613966653937313131
64343732653936336231353565316539353830666162386638313339663637643832353038313236
34303730366639636635346130656232373236353336356437313531316361386532353435633664
63353339626634333433343131323638353836666265623461313564396263616433323532626463
63356165623430316261346630616330633833343738353337616635643865313964366362646561
37336439336361306364663561653161666561663234356539386463313032313736633363343761
36623564303864616638653438336533666162663564383538613864376237613837316537653538
33623565666231373337396630323436323639646665623561306338386365346638383031623535
38616563333566616534633466343164653838376564623935373733613335363339656138336433
37323064663866613661323738353631376637346564386563393132666162323837393939643465
32333035383936623434323238643865336432656434656564613964366236343233383864633734
34303438366630656439323365646266353031613962353665313932663735623266313362363063
62633062653538656366636136363239316636643531303635303532313831626439393133646566
38336230356433373965336536393763633839656566396532643664333764666536386530626366
35356138313834653237346439363133343934333135326466643761336139383464393631656638
62646437316662623335326336323166666163316464666133393934306234363064383734373635
35343637376433396431396333646438343632663466626136626462616236323439346463316437
61663336303531613862663138613363336563663936303632303864333932616234326330626434
64343634336632353761646362396564636632353665326462306231376265656230396164656432
38623934636362623931643765336665623331366166336265306639633737373862323764623432
35623966383163623261656635623665333038646136663036396463366561313637336638353931
33343531663266626666313064636136666332616334353664616132643536346533633835386536
39663662313962373735646437326536646662623436623966636634386262313961363763313333
39666135623534333266383835336165323363306263613562613366656334386337636262356536
32333438346236663133623664653738386633653365373766376463653231616235666539353766
35346262623536373636396162366262316639623431643937666162306433346632363434393133
34363266616434303132643966366362623139396338616537306131313537326164356535396161
63656335643662373132303936333931353337356337343233623039393234353035363163643930
62656561643664366334633638333632623039323934373838633334323465366362336636613832
63653031383438323736336139383830663231373934383631353061393832386465333436306666
65363262626266633534366533646137636563646631626131303961393765373966383036633165
36653833633464663665633964373838376666333132666237663634383338326161643936663534
35663430616635636234343333363736353436646263373533333864386563326138393935383966
66343764623932663636626237616538613137653738346634383164616261613338366263613062
63643366616563623363623164663836316334353539643361616336346532366632376133353232
61313461323831643138366263373538626434633437336165313839306333653430663862383566
62393961656464653330363836366631666666613333613732336264303965646132653134663832
36373739333033386432666261353738623539393134343330383436316432656537386362363133
33323536326333363437666133653334323665353836313131333832303062393037643338383066
34353762333064323234343966323231386639643833623566353466306434333932396339303739
30623638343266303534643532303231376434383633663930393764666539653833353263393633
37623432333534623439303738363330376336626565396530313731383162376134343565303638
66613530366331343634656237313032333465343461333265323436623735623037333738383262
39343733313534343834333936616438373730653861346132343765373635666665653864396362
38316364326563316337663864636533343033333765646162353865326334643036316434303131
33623465366665373565393362613539313666633038336535373566326363356666646565326431
34373936303137316530376563306632363637373832633061653564613932633564626139353661
39333239346336366337626630633437316564383136386464626561336561633764613236303131
62666565303963383838376433663835313464393866363765636332323237643634346638333832
35346339653365343064383037613161393533613331633930363337663861393332336365376361
32613564323763333035633165666531326462383466383632316532663965373037326462613636
376434393965303439366566323563616538
